34940903
34991852
35123902
36141935
36617445
38071660
33601697
33636110
34008772
34783282
35660163
34805556
34297992
36285702
36462207
33712587
35432335
36040511
36396447
36626979
36985614
34271868
37202971
36550863
36230921
35998824
35773475
36070946
34699853
36732397
34560836
35158189
38423544
33723017
34613505
36231447
33676971
35753244
38102131
38617014
35765080
34087686
33607505
33523021
33723208
36849281
37874918
34781110
34853897
35999589
33902760
35339310
34637936
37121809
36183067
36549871
34921354
36307436
33903954
37302434
34448449
33410281
35970849
37162709
33686492
35958567
34978621
37932271
33540240
34274883
36028809
39120273
36999952
38910318
37739977
36780096
34536067
35381535
38064447
35717616
36530657
33455939
35342820
35787841
34756614
34802841
37713207
35997471
37463710
36357723
36525812
35317073
34168057
36357291
34020162
34427272
36470008
36011555
35907947
35918574
